report_id,site_name,page,pottery,typology,term_found,term_found_normalized_en,quantity,start_date,end_date,date_method,context_label,pot_name_certainty_level,pot_name_llm_reasoning,pot_presence_certainty_level,pot_presence_llm_reasoning,dates_certainty_level,date_llm_reasoning,overall_certainty_level,original_text
table_2,500050,1,Pottery,,"scherven uit bewoningslaag, kuil en paalgaten",Pottery,,-800,-12,claude_text,present,0,"general mention that pottery occurs at the site, not a discrete object",9,Explicitly found in Late Iron Age pit and occupation layer.,8,date read from the passage,6,"Late ijzertijd: kuil met brokken verbrande leem, houtskoolfragmenten en organische resten, 250-tal scherven uit bewoningslaag, kuil en paalgaten."
table_2,Horebeke,1,Handmade ware,,handgemaakt aardewerk,Handmade ware,,-800,-12,claude_text,present,9,Name explicitly stated in the text.,9,Explicitly found in Late Iron Age grave pit.,8,date read from the passage,9,een aantal bodem- en wandscherven van een pot in handgemaakt aardewerk
table_2,508067,1,Pottery,,aardewerk,Pottery,,-12,450,claude_text,present,0,"general mention that pottery occurs at the site, not a discrete object",9,Explicitly found in Roman period context.,8,date read from the passage,6,Romeinse tijd: aardewerk.
table_2,508067,1,Pottery,,aardewerk,Pottery,,70,270,claude_text,present,0,"general mention that pottery occurs at the site, not a discrete object",9,Explicitly found in Middle Roman period pits.,8,date read from the passage,6,"Midden-Romeinse tijd: agrarisch gebouw (waarschijnlijk graanschuur). Rond het gebouw werden enkele paalgaten en kuilen teruggevonden, met in de kuilen aardewerk en bouwmateriaal."
table_2,,2,Pottery,,aardewerk,Pottery,,-12,450,claude_text,present,0,"general mention that pottery occurs at the site, not a discrete object",7,"Found during field survey, associated with probable Roman villa.",8,date read from the passage,5,"Romeinse tijd: vermoedelijk een Romeinse villa, concentratie bouwpuin, aardewerk."
table_2,,2,Pottery,,aardewerk,Pottery,,-12,450,claude_text,present,0,"general mention that pottery occurs at the site, not a discrete object",7,"Found during field survey, associated with probable Roman villa.",8,date read from the passage,5,"Romeinse tijd: vermoedelijk een Romeinse villa, concentratie bouwpuin, aardewerk."
table_2,500218,2,Pottery,,aardewerk,Pottery,,-12,450,claude_text,present,0,"general mention that pottery occurs at the site, not a discrete object",7,"Found during field survey, associated with probable Roman villa.",8,date read from the passage,5,"Romeinse tijd: vermoedelijk Romeinse villa, concentratie dakpanfragmenten, aardewerk."
table_2,,2,Pottery,,aardewerk,Pottery,,-12,450,claude_text,present,0,"general mention that pottery occurs at the site, not a discrete object",7,"Found during field survey, associated with probable Roman villa.",8,date read from the passage,5,"Romeinse tijd: vermoedelijk een Romeinse villa, concentratie bouwpuin, aardewerk."
table_2,500227,3,Terra sigillata,,terra sigillata,Terra sigillata,,-12,450,claude_text,present,10,Name explicitly stated in the text.,9,Explicitly found during field survey at probable Roman villa site.,8,date read from the passage,9,"Romeinse tijd: aardewerk (terra sigillata, dolia, kookpotten, kruikwaar)"
table_2,500227,3,Dolium,,dolia,Dolium,,-12,450,claude_text,present,10,Name explicitly stated in the text.,9,Explicitly found during field survey at probable Roman villa site.,8,date read from the passage,9,"Romeinse tijd: aardewerk (terra sigillata, dolia, kookpotten, kruikwaar)"
table_2,500227,3,Cooking pot,,kookpotten,Cooking pot,,-12,450,claude_text,present,10,Name explicitly stated in the text.,9,Explicitly found during field survey at probable Roman villa site.,8,date read from the passage,9,"Romeinse tijd: aardewerk (terra sigillata, dolia, kookpotten, kruikwaar)"
table_2,500227,3,Flagon ware,,kruikwaar,Flagon ware,,-12,450,claude_text,present,10,Name explicitly stated in the text.,9,Explicitly found during field survey at probable Roman villa site.,8,date read from the passage,9,"Romeinse tijd: aardewerk (terra sigillata, dolia, kookpotten, kruikwaar)"
table_2,500383,3,Pottery,,aardewerk,Pottery,,-12,450,claude_text,present,0,"general mention that pottery occurs at the site, not a discrete object",9,Explicitly found during field survey.,8,date read from the passage,6,"Romeinse tijd: aardewerk, bouwmateriaal."
